5.453072872139449	0.5049486679417594	-2.2780608723624143	2.267153969900681
5.069074351424452	0.12603597144865158	-2.142082690895374	1.8453797564792613
5.01771311977974	0.1614183449724848	-2.238594773459366	1.7801947586247442
5.276300428150488	-0.32852587766962255	-1.47219479483716	2.7247722226726996	3.1738649212072563	3.1673466911000547	1716.4993665294703
5.352399082081658	0.4395082940435363	-2.1633822749774034	1.8505731006813544	2.5660371120692536	3.127876538852219	900.1766747792092
5.321365542800486	0.4644060382330332	-2.323687950523162	2.571110931645838	2.903041637948044	2.7047769611258494	1009.3697246949098
5.305616779382663	0.30832363287892245	-2.0951469079415763	1.748241152046217	2.69777276027717	3.0430955681029155	791.3576025191785
5.104077352509569	-0.222254413137986	-1.5474289296693282	2.633183239794591	2.5624305610934215	2.6668387260287143	1128.3042421221733
5.4661406663578385	0.4197088468806695	-2.072386453575341	2.9072728190532353	2.6805418942133725	2.767277529433757	537.304392439029
5.320163321575343	937.7326324576384
5.310936011895491	924.1039103685039
4.55601210216572	0.04195986827288056	-2.6176952306741406	1.8219305137499198	2.79408340045822	2.908804723129776	1173.8060135809858
5.661561126943162	0.611394020477121	-2.0706817391135903	2.5231233673547324	3.0047496575322366	3.0235666627896007	536.5397091755464
4.844458531603271	-0.4127778460953233	-1.835265973745659	2.4682880528033477	2.9800818832355125	2.53383694155417	1015.4529079613413
5.128454953318729	0.13306896227440715	-2.081930718114604	2.5611120605643	2.7438319322320193	2.7497031220079915	859.8085755568254
4.78578412171514	-0.18800355765856186	-2.099732402930055	2.3096559440766735	2.712683723517586	2.7421128375606436	853.4851981229763
